//enable
[197] = {3040, 4460, 540, 580, 600, 1620, 580, 560, 580, 1660, 580, 540, 580, 1660, 580, 560, 560, 1680, 560, 560, 580, 1660, 600, 1640, 580, 540, 580, 560, 580, 540, 580, 560, 600, 520, 580, 560, 580, 540, 600, 540, 560, 560, 580, 560, 560, 1680, 560, 1660, 600, 540, 600, 520, 580, 560, 600, 520, 600, 540, 580, 540, 600, 540, 600, 520, 580, 560, 580, 1660, 580, 540, 580, 560, 580, 540, 600, 520, 580, 1660, 600, 540, 600, 520, 600, 540, 560, 560, 600, 540, 580, 540, 600, 540, 580, 540, 580, 540, 600, 1640, 600, 540, 600, 520, 600, 1640, 580, 560, 580, 1640, 600, 540, 600, 1640, 600, 520, 600, 540, 600, 520, 600, 520, 620, 520, 600, 520, 620, 520, 580, 540, 620, 520, 600, 520, 580, 560, 600, 520, 600, 540, 600, 520, 600, 540, 600, 520, 600, 520, 620, 520, 600, 520, 620, 520, 600, 520, 620, 520, 560, 560, 600, 540, 600, 520, 600, 540, 600, 520, 600, 540, 600, 520, 600, 520, 620, 520, 580, 540, 620, 520, 600, 1640, 600, 520, 600, 1640, 600, 540, 600, 520, 600, 540, 600, 520, 600, 520, 600, 540, 600};
01010101 01100000 00000110 00000000 10000100 00000001 00101010 00000000 00000000 00000000 00000000 10100000 0
0101010101100000000001100000000010000100000000010010101000000000000000000000000000000000101000000
//disable
[197] = {3080, 4400, 600, 520, 620, 1620, 620, 520, 600, 1640, 600, 520, 600, 1640, 600, 540, 600, 1640, 580, 540, 600, 1640, 600, 1640, 600, 520, 600, 540, 600, 520, 600, 540, 580, 540, 600, 540, 580, 540, 600, 540, 580, 540, 600, 540, 580, 1640, 600, 1640, 600, 540, 600, 520, 600, 540, 580, 540, 600, 540, 580, 540, 600, 520, 600, 540, 600, 520, 600, 1640, 600, 540, 600, 520, 600, 540, 600, 520, 600, 1640, 600, 520, 600, 540, 600, 520, 600, 540, 600, 520, 600, 540, 600, 520, 600, 540, 600, 1620, 620, 520, 600, 520, 620, 520, 600, 1640, 600, 520, 600, 1640, 600, 540, 600, 1620, 620, 520, 600, 520, 620, 520, 600, 520, 600, 540, 600, 520, 600, 540, 600, 520, 600, 540, 600, 520, 600, 540, 580, 540, 600, 520, 600, 540, 600, 520, 600, 540, 600, 520, 600, 540, 600, 520, 600, 540, 580, 540, 600, 540, 580, 540, 600, 540, 580, 540, 600, 520, 600, 540, 600, 520, 600, 540, 600, 520, 600, 540, 600, 520, 600, 540, 580, 1660, 580, 540, 600, 1640, 600, 540, 580, 540, 600, 520, 600, 1640, 600, 1640, 600, 540, 580};
01010101 01100000 00000110 00000000 10000100 00000010 00101010 00000000 00000000 00000000 00000000 10100011 0
0101010101100000000001100000000010000100000000100010101000000000000000000000000000000000101000110

//temperature
01010101 01110000 00000110 00000000 10000100 00000001 00101010 00000000 00000000 00000000 00000000 10110000 0 -- 30
01010101 10110000 00000110 00000000 10000100 00000001 00101010 00000000 00000000 00000000 00000000 00110000 0 -- 29
01010101 00110000 00000110 00000000 10000100 00000001 00101010 00000000 00000000 00000000 00000000 11010000 0 -- 28
01010101 11010000 00000110 00000000 10000100 00000001 00101010 00000000 00000000 00000000 00000000 01010000 0 -- 27
01010101 01010000 00000110 00000000 10000100 00000001 00101010 00000000 00000000 00000000 00000000 10010000 0 -- 26
01010101 10010000 00000110 00000000 10000100 00000001 00101010 00000000 00000000 00000000 00000000 00010000 0 -- 25
01010101 00010000 00000110 00000000 10000100 00000001 00101010 00000000 00000000 00000000 00000000 11100000 0 -- 24
01010101 11100000 00000110 00000000 10000100 00000001 00101010 00000000 00000000 00000000 00000000 01100000 0 -- 23
01010101 01100000 00000110 00000000 10000100 00000001 00101010 00000000 00000000 00000000 00000000 10100000 0 -- 22
01010101 10100000 00000110 00000000 10000100 00000001 00101010 00000000 00000000 00000000 00000000 00100000 0 -- 21
01010101 00100000 00000110 00000000 10000100 00000001 00101010 00000000 00000000 00000000 00000000 11000000 0 -- 20
01010101 11000000 00000110 00000000 10000100 00000001 00101010 00000000 00000000 00000000 00000000 01000000 0 -- 19
01010101 01000000 00000110 00000000 10000100 00000001 00101010 00000000 00000000 00000000 00000000 10000000 0 -- 18
01010101 10000000 00000110 00000000 10000100 00000001 00101010 00000000 00000000 00000000 00000000 00000000 0 -- 17
01010101 00000000 00000110 00000000 10000100 00000001 00101010 00000000 00000000 00000000 00000000 11111111 0 -- 16